1. 
删除int数组中的所有偶数

2.
将一个
1	2	3	
4	5	6	
7	8	9
变成
1,2,3,4,5,6,7,8,9

3.
将一个int数组打乱{1,2,3,4,5,6,7,8,0}(2种方法)

4.
将一个nextInt(9)+1的随机数赋值给一个长度为9的int数组，保证不能重复

5.
{1,2,3,4,5,0,7,8,9}，输入d
              {1,2,3,4,5,7,0,8,9}，输入d
              {1,2,3,4,5,7,8,0,9}，输入a
              {1,2,3,4,5,7,0,8,9}

6
            1	2   3
            4	5   6
            7	8   0
            输入s
            1	2   3
            4	5   0
            7	8   6
            输入d
            1	2   3
            4	0   5
            7	8   6
